PM_Flag = 3
ADE9000.AVRMS1012.rd = 205.78041191119462
ADE9000.BVRMS1012.rd = 206.99448658086757
ADE9000.CVRMS1012.rd = 204.18327549878481
