ADE9000.AVRMS1012.SCALE = 202.3487854
ADE9000.BVRMS1012.SCALE = 204.4142761
ADE9000.CVRMS1012.SCALE = 200.8833923
VAB_Measured = 205
VBC_Measured = 203
VCA_Measured = 202
ADE9000.AVRMS1012.DIGIT.u32 = 15236101
ADE9000.BVRMS1012.DIGIT.u32 = 15391625
ADE9000.CVRMS1012.DIGIT.u32 = 15125763
ADE9000.VPEAK.DIGIT.u32 = 0
